-130000.000000 -0.200000
-125000.000000 -0.200000
-124900.000000 -0.216487
-124800.000000 -0.171929
-124700.000000 -0.120805
-124600.000000 -0.119233
-124500.000000 -0.142923
-124400.000000 -0.233769
-124300.000000 -0.348500
-124200.000000 -0.377000
-124100.000000 -0.249158
-124000.000000 -0.162000
-123900.000000 -0.218538
-123800.000000 -0.162000
-123700.000000 -0.259421
-123600.000000 -0.133073
-123500.000000 -0.200244
-123400.000000 -0.126805
-123300.000000 -0.153643
-123200.000000 -0.235810
-123100.000000 -0.201850
-123000.000000 -0.209128
-122900.000000 -0.164150
-122800.000000 -0.250800
-122700.000000 -0.213875
-122600.000000 -0.177878
-122500.000000 -0.183707
-122400.000000 -0.206750
-122300.000000 -0.196205
-122200.000000 -0.183095
-122100.000000 -0.156238
-122000.000000 -0.134884
-121900.000000 -0.134214
-121800.000000 -0.163195
-121700.000000 -0.223615
-121600.000000 -0.116780
-121500.000000 -0.207200
-121400.000000 -0.149857
-121300.000000 -0.143667
-121200.000000 -0.131293
-121100.000000 -0.111419
-121000.000000 -0.188537
-120900.000000 -0.148881
-120800.000000 -0.175550
-120700.000000 -0.106233
-120600.000000 -0.084636
-120500.000000 -0.129643
-120400.000000 -0.085476
-120300.000000 -0.139146
-120200.000000 -0.073886
-120100.000000 -0.071558
-120000.000000 -0.048311
-119900.000000 -0.094581
-119800.000000 -0.079293
-119700.000000 -0.109455
-119600.000000 -0.105857
-119500.000000 -0.126457
-119400.000000 0.011667
-119300.000000 -0.029244
-119200.000000 -0.040200
-119100.000000 -0.055727
-119000.000000 -0.143256
-118900.000000 -0.095364
-118800.000000 0.000617
-118700.000000 -0.008702
-118600.000000 0.011708
-118500.000000 0.046356
-118400.000000 -0.048174
-118300.000000 0.055447
-118200.000000 0.032857
-118100.000000 -0.080262
-118000.000000 -0.133681
-117900.000000 0.077000
-117800.000000 0.021630
-117700.000000 0.050638
-117600.000000 -0.000191
-117500.000000 0.027125
-117400.000000 0.071875
-117300.000000 0.022170
-117200.000000 0.050375
-117100.000000 0.002275
-117000.000000 0.097833
-116900.000000 0.074000
-116800.000000 0.167176
-116700.000000 0.061040
-116600.000000 0.148462
-116500.000000 0.102000
-116400.000000 0.101000
-116300.000000 0.081000
-116200.000000 0.275407
-116100.000000 0.151118
-116000.000000 0.205113
-115900.000000 0.207667
-115800.000000 0.147943
-115700.000000 0.255927
-115600.000000 0.163245
-115500.000000 0.220630
-115400.000000 0.220000
-115300.000000 0.186412
-115200.000000 0.206926
-115100.000000 0.180706
-115000.000000 0.239815
-114900.000000 0.283807
-114800.000000 0.194000
-114700.000000 0.219429
-114600.000000 0.296000
-114500.000000 0.327526
-114400.000000 0.205963
-114300.000000 0.293379
-114200.000000 0.304526
-114100.000000 0.225571
-114000.000000 0.284404
-113900.000000 0.315155
-113800.000000 0.295895
-113700.000000 0.361750
-113600.000000 0.358933
-113500.000000 0.415446
-113400.000000 0.430967
-113300.000000 0.383984
-113200.000000 0.348233
-113100.000000 0.499369
-113000.000000 0.409460
-112900.000000 0.450641
-112800.000000 0.472470
-112700.000000 0.423400
-112600.000000 0.399419
-112500.000000 0.467571
-112400.000000 0.460000
-112300.000000 0.541060
-112200.000000 0.460844
-112100.000000 0.505826
-112000.000000 0.539043
-111900.000000 0.499716
-111800.000000 0.524691
-111700.000000 0.545269
-111600.000000 0.447094
-111500.000000 0.529507
-111400.000000 0.469000
-111300.000000 0.575209
-111200.000000 0.412000
-111100.000000 0.498215
-111000.000000 0.541000
-110900.000000 0.484875
-110800.000000 0.520234
-110700.000000 0.522864
-110600.000000 0.550424
-110500.000000 0.526727
-110400.000000 0.492397
-110300.000000 0.541182
-110200.000000 0.586789
-110100.000000 0.559318
-110000.000000 0.477206
-109900.000000 0.642208
-109800.000000 0.514333
-109700.000000 0.557970
-109600.000000 0.559433
-109500.000000 0.578164
-109400.000000 0.664597
-109300.000000 0.588000
-109200.000000 0.617882
-109100.000000 0.611282
-109000.000000 0.763000
-108900.000000 0.645070
-108800.000000 0.694680
-108700.000000 0.639562
-108600.000000 0.672225
-108500.000000 0.689270
-108400.000000 0.660211
-108300.000000 0.717027
-108200.000000 0.681556
-108100.000000 0.646928
-108000.000000 0.644400
-107900.000000 0.635000
-107800.000000 0.624441
-107700.000000 0.556391
-107600.000000 0.558794
-107500.000000 0.520516
-107400.000000 0.510619
-107300.000000 0.514200
-107200.000000 0.515803
-107100.000000 0.496263
-107000.000000 0.471034
-106900.000000 0.437737
-106800.000000 0.493373
-106700.000000 0.411755
-106600.000000 0.302137
-106500.000000 0.333510
-106400.000000 0.370943
-106300.000000 0.399396
-106200.000000 0.434071
-106100.000000 0.435000
-106000.000000 0.475200
-105900.000000 0.359966
-105800.000000 0.516559
-105700.000000 0.521763
-105600.000000 0.487857
-105500.000000 0.464965
-105400.000000 0.507678
-105300.000000 0.482034
-105200.000000 0.559279
-105100.000000 0.500719
-105000.000000 0.456621
-104900.000000 0.498895
-104800.000000 0.488143
-104700.000000 0.463429
-104600.000000 0.552049
-104500.000000 0.532661
-104400.000000 0.547869
-104300.000000 0.579000
-104200.000000 0.487774
-104100.000000 0.662269
-104000.000000 0.568803
-103900.000000 0.623317
-103800.000000 0.634455
-103700.000000 0.593735
-103600.000000 0.681909
-103500.000000 0.699586
-103400.000000 0.679662
-103300.000000 0.674676
-103200.000000 0.600186
-103100.000000 0.611770
-103000.000000 0.591902
-102900.000000 0.507018
-102800.000000 0.555288
-102700.000000 0.546673
-102600.000000 0.525175
-102500.000000 0.483250
-102400.000000 0.500873
-102300.000000 0.502800
-102200.000000 0.499143
-102100.000000 0.438113
-102000.000000 0.488179
-101900.000000 0.430615
-101800.000000 0.448151
-101700.000000 0.431642
-101600.000000 0.456774
-101500.000000 0.399118
-101400.000000 0.330957
-101300.000000 0.388694
-101200.000000 0.397196
-101100.000000 0.439600
-101000.000000 0.514691
-100900.000000 0.510327
-100800.000000 0.422471
-100700.000000 0.441250
-100600.000000 0.484074
-100500.000000 0.438250
-100400.000000 0.427500
-100300.000000 0.458904
-100200.000000 0.404231
-100100.000000 0.466192
-100000.000000 0.445396
-99900.000000 0.439357
-99800.000000 0.463189
-99700.000000 0.423431
-99600.000000 0.495291
-99500.000000 0.453019
-99400.000000 0.516800
-99300.000000 0.485727
-99200.000000 0.561414
-99100.000000 0.480585
-99000.000000 0.439451
-98900.000000 0.491906
-98800.000000 0.494151
-98700.000000 0.520564
-98600.000000 0.459200
-98500.000000 0.447620
-98400.000000 0.459604
-98300.000000 0.528451
-98200.000000 0.534222
-98100.000000 0.443059
-98000.000000 0.466923
-97900.000000 0.510273
-97800.000000 0.440816
-97700.000000 0.436755
-97600.000000 0.512204
-97500.000000 0.430698
-97400.000000 0.470490
-97300.000000 0.431412
-97200.000000 0.428471
-97100.000000 0.462373
-97000.000000 0.550038
-96900.000000 0.466353
-96800.000000 0.476077
-96700.000000 0.543792
-96600.000000 0.467750
-96500.000000 0.567053
-96400.000000 0.453604
-96300.000000 0.484706
-96200.000000 0.410760
-96100.000000 0.441176
-96000.000000 0.536154
-95900.000000 0.416736
-95800.000000 0.468962
-95700.000000 0.519660
-95600.000000 0.467667
-95500.000000 0.492226
-95400.000000 0.529182
-95300.000000 0.496038
-95200.000000 0.501385
-95100.000000 0.412959
-95000.000000 0.384851
-94900.000000 0.405917
-94800.000000 0.285604
-94700.000000 0.480857
-94600.000000 0.514907
-94500.000000 0.493385
-94400.000000 0.510667
-94300.000000 0.416429
-94200.000000 0.472040
-94100.000000 0.430837
-94000.000000 0.456000
-93900.000000 0.480745
-93800.000000 0.460731
-93700.000000 0.451449
-93600.000000 0.496185
-93500.000000 0.554731
-93400.000000 0.449800
-93300.000000 0.427412
-93200.000000 0.550241
-93100.000000 0.526566
-93000.000000 0.592054
-92900.000000 0.492058
-92800.000000 0.490192
-92700.000000 0.543800
-92600.000000 0.470077
-92500.000000 0.522185
-92400.000000 0.480840
-92300.000000 0.536818
-92200.000000 0.584357
-92100.000000 0.537778
-92000.000000 0.531226
-91900.000000 0.535182
-91800.000000 0.549019
-91700.000000 0.615316
-91600.000000 0.556538
-91500.000000 0.422000
-91400.000000 0.606375
-91300.000000 0.609690
-91200.000000 0.595158
-91100.000000 0.517000
-91000.000000 0.567655
-90900.000000 0.494588
-90800.000000 0.580500
-90700.000000 0.626475
-90600.000000 0.659000
-90500.000000 0.531118
-90400.000000 0.566714
-90300.000000 0.522280
-90200.000000 0.543556
-90100.000000 0.544019
-90000.000000 0.473571
-89900.000000 0.490500
-89800.000000 0.521216
-89700.000000 0.488273
-89600.000000 0.621345
-89500.000000 0.509314
-89400.000000 0.504863
-89300.000000 0.473160
-89200.000000 0.612250
-89100.000000 0.585667
-89000.000000 0.631358
-88900.000000 0.552189
-88800.000000 0.555226
-88700.000000 0.559444
-88600.000000 0.620474
-88500.000000 0.609271
-88400.000000 0.640891
-88300.000000 0.663033
-88200.000000 0.624000
-88100.000000 0.637618
-88000.000000 0.581745
-87900.000000 0.644552
-87800.000000 0.636088
-87700.000000 0.697250
-87600.000000 0.681847
-87500.000000 0.682217
-87400.000000 0.616491
-87300.000000 0.672000
-87200.000000 0.758031
-87100.000000 0.696724
-87000.000000 0.579286
-86900.000000 0.534283
-86800.000000 0.584185
-86700.000000 0.513286
-86600.000000 0.628250
-86500.000000 0.587887
-86400.000000 0.559843
-86300.000000 0.532353
-86200.000000 0.532882
-86100.000000 0.449286
-86000.000000 0.472833
-85900.000000 0.525440
-85800.000000 0.534961
-85700.000000 0.470375
-85600.000000 0.498469
-85500.000000 0.471489
-85400.000000 0.499646
-85300.000000 0.458000
-85200.000000 0.328390
-85100.000000 0.478286
-85000.000000 0.432681
-84900.000000 0.521000
-84800.000000 0.444583
-84700.000000 0.413422
-84600.000000 0.351581
-84500.000000 0.384000
-84400.000000 0.355000
-84300.000000 0.435435
-84200.000000 0.452234
-84100.000000 0.411067
-84000.000000 0.360286
-83900.000000 0.376295
-83800.000000 0.457936
-83700.000000 0.300878
-83600.000000 0.356349
-83500.000000 0.292372
-83400.000000 0.349929
-83300.000000 0.251231
-83200.000000 0.280200
-83100.000000 0.248872
-83000.000000 0.304619
-82900.000000 0.357907
-82800.000000 0.341073
-82700.000000 0.368756
-82600.000000 0.355326
-82500.000000 0.327163
-82400.000000 0.317512
-82300.000000 0.310929
-82200.000000 0.388545
-82100.000000 0.408455
-82000.000000 0.431867
-81900.000000 0.395500
-81800.000000 0.401698
-81700.000000 0.325310
-81600.000000 0.445413
-81500.000000 0.437000
-81400.000000 0.524022
-81300.000000 0.407087
-81200.000000 0.522059
-81100.000000 0.527000
-81000.000000 0.535040
-80900.000000 0.502653
-80800.000000 0.460064
-80700.000000 0.487447
-80600.000000 0.471702
-80500.000000 0.501687
-80400.000000 0.496833
-80300.000000 0.532755
-80200.000000 0.590745
-80100.000000 0.490292
-80000.000000 0.498980
-79900.000000 0.570400
-79800.000000 0.522167
-79700.000000 0.412957
-79600.000000 0.545240
-79500.000000 0.575800
-79400.000000 0.521915
-79300.000000 0.462723
-79200.000000 0.563160
-79100.000000 0.550941
-79000.000000 0.653566
-78900.000000 0.555431
-78800.000000 0.590520
-78700.000000 0.512551
-78600.000000 0.553800
-78500.000000 0.612660
-78400.000000 0.550412
-78300.000000 0.677103
-78200.000000 0.575000
-78100.000000 0.652745
-78000.000000 0.599500
-77900.000000 0.649818
-77800.000000 0.654909
-77700.000000 0.687316
-77600.000000 0.702945
-77500.000000 0.643444
-77400.000000 0.657151
-77300.000000 0.572902
-77200.000000 0.567240
-77100.000000 0.646269
-77000.000000 0.604212
-76900.000000 0.640782
-76800.000000 0.668158
-76700.000000 0.714772
-76600.000000 0.617000
-76500.000000 0.640094
-76400.000000 0.745315
-76300.000000 0.624444
-76200.000000 0.693069
-76100.000000 0.651377
-76000.000000 0.679393
-75900.000000 0.706586
-75800.000000 0.789390
-75700.000000 0.688250
-75600.000000 0.681667
-75500.000000 0.658302
-75400.000000 0.665019
-75300.000000 0.602451
-75200.000000 0.593200
-75100.000000 0.595882
-75000.000000 0.633776
-74900.000000 0.590571
-74800.000000 0.556667
-74700.000000 0.542404
-74600.000000 0.418884
-74500.000000 0.358477
-74400.000000 0.502478
-74300.000000 0.535083
-74200.000000 0.471778
-74100.000000 0.502333
-74000.000000 0.552500
-73900.000000 0.431776
-73800.000000 0.608462
-73700.000000 0.611235
-73600.000000 0.623000
-73500.000000 0.566800
-73400.000000 0.668057
-73300.000000 0.650346
-73200.000000 0.703113
-73100.000000 0.664623
-73000.000000 0.681143
-72900.000000 0.717860
-72800.000000 0.757569
-72700.000000 0.762793
-72600.000000 0.820705
-72500.000000 0.818131
-72400.000000 0.830857
-72300.000000 0.822351
-72200.000000 0.752386
-72100.000000 0.760172
-72000.000000 0.705745
-71900.000000 0.699755
-71800.000000 0.690741
-71700.000000 0.666981
-71600.000000 0.672962
-71500.000000 0.670509
-71400.000000 0.706327
-71300.000000 0.644400
-71200.000000 0.613653
-71100.000000 0.680231
-71000.000000 0.637222
-70900.000000 0.668286
-70800.000000 0.573106
-70700.000000 0.517000
-70600.000000 0.561255
-70500.000000 0.520000
-70400.000000 0.660608
-70300.000000 0.631216
-70200.000000 0.683451
-70100.000000 0.740446
-70000.000000 0.749625
-69900.000000 0.761780
-69800.000000 0.794897
-69700.000000 0.750109
-69600.000000 0.768559
-69500.000000 0.874410
-69400.000000 0.739179
-69300.000000 0.894000
-69200.000000 0.919016
-69100.000000 0.931299
-69000.000000 0.896727
-68900.000000 0.917922
-68800.000000 0.907323
-68700.000000 0.831356
-68600.000000 0.814860
-68500.000000 0.798298
-68400.000000 0.792632
-68300.000000 0.783825
-68200.000000 0.938273
-68100.000000 0.961388
-68000.000000 0.867817
-67900.000000 0.863600
-67800.000000 0.734273
-67700.000000 0.922794
-67600.000000 0.902034
-67500.000000 0.854148
-67400.000000 0.923333
-67300.000000 0.886258
-67200.000000 0.935281
-67100.000000 0.936242
-67000.000000 0.931831
-66900.000000 0.889950
-66800.000000 0.911413
-66700.000000 0.887250
-66600.000000 0.876600
-66500.000000 0.834821
-66400.000000 0.896082
-66300.000000 0.910556
-66200.000000 0.953273
-66100.000000 0.919906
-66000.000000 0.954462
-65900.000000 0.917484
-65800.000000 0.943812
-65700.000000 0.921836
-65600.000000 0.851156
-65500.000000 0.905950
-65400.000000 0.935226
-65300.000000 0.872483
-65200.000000 0.866661
-65100.000000 0.937439
-65000.000000 0.772000
-64900.000000 0.884450
-64800.000000 0.910197
-64700.000000 0.835288
-64600.000000 0.873310
-64500.000000 0.903136
-64400.000000 0.825000
-64300.000000 0.910355
-64200.000000 0.865586
-64100.000000 0.908000
-64000.000000 0.767415
-63900.000000 0.764074
-63800.000000 0.837500
-63700.000000 0.726333
-63600.000000 0.677882
-63500.000000 0.853533
-63400.000000 0.900600
-63300.000000 0.915082
-63200.000000 0.940081
-63100.000000 0.925306
-63000.000000 0.982797
-62900.000000 0.858068
-62800.000000 0.931262
-62700.000000 0.831500
-62600.000000 0.883915
-62500.000000 0.890322
-62400.000000 0.789842
-62300.000000 0.880621
-62200.000000 0.820464
-62100.000000 0.796200
-62000.000000 0.860068
-61900.000000 0.827089
-61800.000000 0.774404
-61700.000000 0.729000
-61600.000000 0.776353
-61500.000000 0.696941
-61400.000000 0.805226
-61300.000000 0.733039
-61200.000000 0.712680
-61100.000000 0.709625
-61000.000000 0.761235
-60900.000000 0.650667
-60800.000000 0.746960
-60700.000000 0.692980
-60600.000000 0.580867
-60500.000000 0.683400
-60400.000000 0.645160
-60300.000000 0.725792
-60200.000000 0.705120
-60100.000000 0.705667
-60000.000000 0.660083
-59900.000000 0.644333
-59800.000000 0.590409
-59700.000000 0.690000
-59600.000000 0.589435
-59500.000000 0.646600
-59400.000000 0.555956
-59300.000000 0.656979
-59200.000000 0.458313
-59100.000000 0.537163
-59000.000000 0.575909
-58900.000000 0.580182
-58800.000000 0.580907
-58700.000000 0.521143
-58600.000000 0.523878
-58500.000000 0.522750
-58400.000000 0.576233
-58300.000000 0.502195
-58200.000000 0.486571
-58100.000000 0.603717
-58000.000000 0.598667
-57900.000000 0.620255
-57800.000000 0.688245
-57700.000000 0.644182
-57600.000000 0.624489
-57500.000000 0.593545
-57400.000000 0.658813
-57300.000000 0.558000
-57200.000000 0.534091
-57100.000000 0.555455
-57000.000000 0.626532
-56900.000000 0.540267
-56800.000000 0.619000
-56700.000000 0.695532
-56600.000000 0.716957
-56500.000000 0.690755
-56400.000000 0.705000
-56300.000000 0.736922
-56200.000000 0.668500
-56100.000000 0.733308
-56000.000000 0.782077
-55900.000000 0.829667
-55800.000000 0.734250
-55700.000000 0.827453
-55600.000000 0.735898
-55500.000000 0.680574
-55400.000000 0.697000
-55300.000000 0.653565
-55200.000000 0.691667
-55100.000000 0.639750
-55000.000000 0.624600
-54900.000000 0.662809
-54800.000000 0.598304
-54700.000000 0.737118
-54600.000000 0.765294
-54500.000000 0.733776
-54400.000000 0.690408
-54300.000000 0.700400
-54200.000000 0.586841
-54100.000000 0.636213
-54000.000000 0.661213
-53900.000000 0.647800
-53800.000000 0.618395
-53700.000000 0.672125
-53600.000000 0.677978
-53500.000000 0.622909
-53400.000000 0.499732
-53300.000000 0.505350
-53200.000000 0.536476
-53100.000000 0.608000
-53000.000000 0.547909
-52900.000000 0.667106
-52800.000000 0.611159
-52700.000000 0.628622
-52600.000000 0.587444
-52500.000000 0.676681
-52400.000000 0.605178
-52300.000000 0.637745
-52200.000000 0.655265
-52100.000000 0.582929
-52000.000000 0.503429
-51900.000000 0.627170
-51800.000000 0.576500
-51700.000000 0.660083
-51600.000000 0.696319
-51500.000000 0.625378
-51400.000000 0.705082
-51300.000000 0.697313
-51200.000000 0.718143
-51100.000000 0.738000
-51000.000000 0.687479
-50900.000000 0.731449
-50800.000000 0.662792
-50700.000000 0.700429
-50600.000000 0.808333
-50500.000000 0.706800
-50400.000000 0.705224
-50300.000000 0.750660
-50200.000000 0.688435
-50100.000000 0.683745
-50000.000000 0.753385
-49900.000000 0.755612
-49800.000000 0.684800
-49700.000000 0.700000
-49600.000000 0.749408
-49500.000000 0.696755
-49400.000000 0.765412
-49300.000000 0.807868
-49200.000000 0.777824
-49100.000000 0.800269
-49000.000000 0.764600
-48900.000000 0.668687
-48800.000000 0.747075
-48700.000000 0.797250
-48600.000000 0.778455
-48500.000000 0.706327
-48400.000000 0.674936
-48300.000000 0.722840
-48200.000000 0.751596
-48100.000000 0.844000
-48000.000000 0.801273
-47900.000000 0.725000
-47800.000000 0.762687
-47700.000000 0.626348
-47600.000000 0.713191
-47500.000000 0.684000
-47400.000000 0.691667
-47300.000000 0.666267
-47200.000000 0.642667
-47100.000000 0.678804
-47000.000000 0.629000
-46900.000000 0.606667
-46800.000000 0.653826
-46700.000000 0.532341
-46600.000000 0.531927
-46500.000000 0.408684
-46400.000000 0.539628
-46300.000000 0.615767
-46200.000000 0.632556
-46100.000000 0.554545
-46000.000000 0.618091
-45900.000000 0.483000
-45800.000000 0.577429
-45700.000000 0.660667
-45600.000000 0.680727
-45500.000000 0.692532
-45400.000000 0.665298
-45300.000000 0.680766
-45200.000000 0.703083
-45100.000000 0.706792
-45000.000000 0.770360
-44900.000000 0.757640
-44800.000000 0.779765
-44700.000000 0.762490
-44600.000000 0.833321
-44500.000000 0.858396
-44400.000000 0.725673
-44300.000000 0.826222
-44200.000000 0.878909
-44100.000000 0.838778
-44000.000000 0.866157
-43900.000000 0.804491
-43800.000000 0.843962
-43700.000000 0.776280
-43600.000000 0.738200
-43500.000000 0.791569
-43400.000000 0.693000
-43300.000000 0.793588
-43200.000000 0.690083
-43100.000000 0.678435
-43000.000000 0.713625
-42900.000000 0.691696
-42800.000000 0.769620
-42700.000000 0.806500
-42600.000000 0.776423
-42500.000000 0.767122
-42400.000000 0.790269
-42300.000000 0.793412
-42200.000000 0.870389
-42100.000000 0.904214
-42000.000000 0.877818
-41900.000000 0.878364
-41800.000000 0.871491
-41700.000000 0.808765
-41600.000000 0.836137
-41500.000000 0.809128
-41400.000000 0.833320
-41300.000000 0.756938
-41200.000000 0.685367
-41100.000000 0.811540
-41000.000000 0.788275
-40900.000000 0.860091
-40800.000000 0.820340
-40700.000000 0.880889
-40600.000000 0.871889
-40500.000000 0.860604
-40400.000000 0.750426
-40300.000000 0.824577
-40200.000000 0.860736
-40100.000000 0.770633
-40000.000000 0.741429
-39900.000000 0.781600
-39800.000000 0.799569
-39700.000000 0.858769
-39600.000000 0.914464
-39500.000000 0.873442
-39400.000000 0.802863
-39300.000000 0.798882
-39200.000000 0.809660
-39100.000000 0.750000
-39000.000000 0.731532
-38900.000000 0.654956
-38800.000000 0.618364
-38700.000000 0.714727
-38600.000000 0.636545
-38500.000000 0.653822
-38400.000000 0.662227
-38300.000000 0.707767
-38200.000000 0.750609
-38100.000000 0.619857
-38000.000000 0.754000
-37900.000000 0.717130
-37800.000000 0.492600
-37700.000000 0.523525
-37600.000000 0.613667
-37500.000000 0.699667
-37400.000000 0.728255
-37300.000000 0.706766
-37200.000000 0.667087
-37100.000000 0.788000
-37000.000000 0.668630
-36900.000000 0.824827
-36800.000000 0.881577
-36700.000000 0.796300
-36600.000000 0.838531
-36500.000000 0.806800
-36400.000000 0.805939
-36300.000000 0.791680
-36200.000000 0.855731
-36100.000000 0.904960
-36000.000000 0.807878
-35900.000000 0.803927
-35800.000000 0.822240
-35700.000000 0.792292
-35600.000000 0.784373
-35500.000000 0.848362
-35400.000000 0.808160
-35300.000000 0.808170
-35200.000000 0.727766
-35100.000000 0.815500
-35000.000000 0.736702
-34900.000000 0.822857
-34800.000000 0.736596
-34700.000000 0.788000
-34600.000000 0.823163
-34500.000000 0.841353
-34400.000000 0.817400
-34300.000000 0.946182
-34200.000000 0.906623
-34100.000000 0.888660
-34000.000000 0.952000
-33900.000000 0.953000
-33800.000000 0.951510
-33700.000000 0.811314
-33600.000000 0.775265
-33500.000000 0.815347
-33400.000000 0.807959
-33300.000000 0.753362
-33200.000000 0.789085
-33100.000000 0.797375
-33000.000000 0.844353
-32900.000000 0.898346
-32800.000000 0.942618
-32700.000000 0.932909
-32600.000000 0.975852
-32500.000000 0.817735
-32400.000000 0.899816
-32300.000000 0.837265
-32200.000000 0.877939
-32100.000000 0.862041
-32000.000000 0.721149
-31900.000000 0.763604
-31800.000000 0.862625
-31700.000000 0.831250
-31600.000000 0.988000
-31500.000000 0.966481
-31400.000000 0.904538
-31300.000000 0.945321
-31200.000000 0.953453
-31100.000000 0.975857
-31000.000000 0.886347
-30900.000000 0.871612
-30800.000000 0.855163
-30700.000000 0.887000
-30600.000000 0.888000
-30500.000000 0.922333
-30400.000000 0.911098
-30300.000000 0.936283
-30200.000000 0.878520
-30100.000000 0.960321
-30000.000000 0.894717
-29900.000000 0.939698
-29800.000000 0.967280
-29700.000000 0.823087
-29600.000000 0.836375
-29500.000000 0.838286
-29400.000000 0.915000
-29300.000000 0.769356
-29200.000000 0.761000
-29100.000000 0.810283
-29000.000000 0.868333
-28900.000000 0.879347
-28800.000000 0.920520
-28700.000000 0.919647
-28600.000000 0.882333
-28500.000000 0.863043
-28400.000000 0.798870
-28300.000000 0.880184
-28200.000000 0.964667
-28100.000000 0.931941
-28000.000000 1.012755
-27900.000000 0.870250
-27800.000000 0.926857
-27700.000000 0.826227
-27600.000000 0.857680
-27500.000000 0.963792
-27400.000000 0.914458
-27300.000000 0.829457
-27200.000000 0.870500
-27100.000000 0.979346
-27000.000000 0.973558
-26900.000000 0.992623
-26800.000000 0.958824
-26700.000000 0.959000
-26600.000000 1.010321
-26500.000000 0.951157
-26400.000000 0.969592
-26300.000000 1.004963
-26200.000000 0.927434
-26100.000000 0.979780
-26000.000000 1.020000
-25900.000000 0.893000
-25800.000000 0.962038
-25700.000000 1.015792
-25600.000000 0.948824
-25500.000000 0.979667
-25400.000000 0.964353
-25300.000000 1.040889
-25200.000000 0.981440
-25100.000000 0.956647
-25000.000000 0.990294
-24900.000000 0.955765
-24800.000000 0.966115
-24700.000000 0.998692
-24600.000000 1.015529
-24500.000000 0.873750
-24400.000000 1.009135
-24300.000000 0.944804
-24200.000000 0.901667
-24100.000000 0.950640
-24000.000000 1.026200
-23900.000000 0.972154
-23800.000000 1.013776
-23700.000000 0.918149
-23600.000000 0.883191
-23500.000000 0.876022
-23400.000000 0.903426
-23300.000000 1.005804
-23200.000000 0.914745
-23100.000000 0.828422
-23000.000000 0.863255
-22900.000000 0.961612
-22800.000000 0.948857
-22700.000000 0.965102
-22600.000000 0.948816
-22500.000000 0.891739
-22400.000000 0.920319
-22300.000000 0.975500
-22200.000000 0.883733
-22100.000000 0.997392
-22000.000000 0.945612
-21900.000000 0.918083
-21800.000000 0.988481
-21700.000000 0.960032
-21600.000000 0.972769
-21500.000000 0.951769
-21400.000000 0.938620
-21300.000000 0.914697
-21200.000000 0.906398
-21100.000000 0.878617
-21000.000000 0.924952
-20900.000000 0.916402
-20800.000000 0.898342
-20700.000000 0.904962
-20600.000000 0.875523
-20500.000000 0.869798
-20400.000000 0.852339
-20300.000000 0.899900
-20200.000000 0.915888
-20100.000000 0.886052
-20000.000000 0.894568
-19900.000000 0.923116
-19800.000000 0.892065
-19700.000000 0.864482
-19600.000000 0.870693
-19500.000000 0.871159
-19400.000000 0.875022
-19300.000000 0.849795
-19200.000000 0.838408
-19100.000000 0.832684
-19000.000000 0.806948
-18900.000000 0.797047
-18800.000000 0.767134
-18700.000000 0.753131
-18600.000000 0.797887
-18500.000000 0.807846
-18400.000000 0.771763
-18300.000000 0.773659
-18200.000000 0.788728
-18100.000000 0.807511
-18000.000000 0.776643
-17900.000000 0.754283
-17800.000000 0.751947
-17700.000000 0.721251
-17600.000000 0.693103
-17500.000000 0.656083
-17400.000000 0.602722
-17300.000000 0.583239
-17200.000000 0.578573
-17100.000000 0.571222
-17000.000000 0.555353
-16900.000000 0.553061
-16800.000000 0.562620
-16700.000000 0.529184
-16600.000000 0.500829
-16500.000000 0.485631
-16400.000000 0.476926
-16300.000000 0.439946
-16200.000000 0.446702
-16100.000000 0.402000
-16000.000000 0.375910
-15900.000000 0.375543
-15800.000000 0.382721
-15700.000000 0.364761
-15600.000000 0.332152
-15500.000000 0.334848
-15400.000000 0.276898
-15300.000000 0.273993
-15200.000000 0.235492
-15100.000000 0.206892
-15000.000000 0.184545
-14900.000000 0.168366
-14800.000000 0.182559
-14700.000000 0.139664
-14600.000000 0.113107
-14500.000000 0.077156
-14400.000000 0.027823
-14300.000000 0.046480
-14200.000000 0.055738
-14100.000000 0.077016
-14000.000000 0.082668
-13900.000000 0.095663
-13800.000000 0.101644
-13700.000000 0.122787
-13600.000000 0.141413
-13500.000000 0.157320
-13400.000000 0.157047
-13300.000000 0.166337
-13200.000000 0.193903
-13100.000000 0.202393
-13000.000000 0.196953
-12900.000000 0.203237
-12800.000000 0.220677
-12700.000000 0.198638
-12600.000000 0.159764
-12500.000000 0.160702
-12400.000000 0.129892
-12300.000000 0.112823
-12200.000000 0.057995
-12100.000000 0.055977
-12000.000000 0.027134
-11900.000000 0.006514
-11800.000000 0.015966
-11700.000000 0.033295
-11600.000000 0.008866
-11500.000000 0.034956
-11400.000000 0.041038
-11300.000000 0.033189
-11200.000000 0.029577
-11100.000000 0.033530
-11000.000000 0.027613
-10900.000000 0.022204
-10800.000000 0.028903
-10700.000000 0.024843
-10600.000000 0.017915
-10500.000000 0.020433
-10400.000000 0.019491
-10300.000000 0.016887
-10200.000000 0.020052
-10100.000000 0.015591
-10000.000000 0.008247
-9900.000000 0.015056
-9800.000000 0.016491
-9700.000000 0.005367
-9600.000000 -0.003872
-9500.000000 -0.001229
-9400.000000 -0.008199
-9300.000000 -0.021385
-9200.000000 -0.023108
-9100.000000 -0.024524
-9000.000000 -0.020475
-8900.000000 -0.011827
-8800.000000 -0.011287
-8700.000000 -0.003904
-8600.000000 0.007776
-8500.000000 0.011879
-8400.000000 -0.003079
-8300.000000 0.000225
-8200.000000 -0.001335
-8100.000000 0.003503
-8000.000000 0.009730
-7900.000000 0.004956
-7800.000000 -0.014324
-7700.000000 -0.019002
-7600.000000 -0.027154
-7500.000000 -0.028416
-7400.000000 -0.028548
-7300.000000 -0.027002
-7200.000000 -0.025192
-7100.000000 -0.033273
-7000.000000 -0.042716
-6900.000000 -0.036142
-6800.000000 -0.051080
-6700.000000 -0.048976
-6600.000000 -0.058994
-6500.000000 -0.050084
-6400.000000 -0.048256
-6300.000000 -0.051725
-6200.000000 -0.030560
-6100.000000 -0.030328
-6000.000000 -0.039492
-5900.000000 -0.048888
-5800.000000 -0.049287
-5700.000000 -0.051740
-5600.000000 -0.057895
-5500.000000 -0.051997
-5400.000000 -0.051728
-5300.000000 -0.061379
-5200.000000 -0.063688
-5100.000000 -0.069285
-5000.000000 -0.057944
-4900.000000 -0.078468
-4800.000000 -0.077295
-4700.000000 -0.072180
-4600.000000 -0.063914
-4500.000000 -0.074885
-4400.000000 -0.077812
-4300.000000 -0.084695
-4200.000000 -0.071079
-4100.000000 -0.071508
-4000.000000 -0.085850
-3900.000000 -0.081592
-3800.000000 -0.067983
-3700.000000 -0.075875
-3600.000000 -0.057882
-3500.000000 -0.052941
-3400.000000 -0.047291
-3300.000000 -0.036071
-3200.000000 -0.038364
-3100.000000 -0.025664
-3000.000000 -0.031083
-2900.000000 -0.022264
-2800.000000 -0.036190
-2700.000000 -0.044439
-2600.000000 -0.049980
-2500.000000 -0.041764
-2400.000000 -0.050385
-2300.000000 -0.054006
-2200.000000 -0.050834
-2100.000000 -0.041637
-2000.000000 -0.040679
-1900.000000 -0.056091
-1800.000000 -0.038754
-1700.000000 -0.034966
-1600.000000 -0.041817
-1500.000000 -0.059549
-1400.000000 -0.059941
-1300.000000 -0.052457
-1200.000000 -0.045902
-1100.000000 -0.021163
-1000.000000 -0.015918
-900.000000 0.007559
-800.000000 -0.002504
-700.000000 0.013610
-600.000000 -0.027439
-500.000000 -0.002996
-400.000000 -0.011547
-300.000000 0.016284
-200.000000 0.030186
-100.000000 -0.014424
0.0 0.0
10000 0.0